1.000000,0.000000
0.999998,-0.000009
0.999992,-0.000047
0.999979,-0.000131
0.999954,-0.000280
0.999916,-0.000512
0.999862,-0.000844
0.999787,-0.001291
0.999691,-0.001867
0.999569,-0.002580
0.999420,-0.003439
0.999242,-0.004447
0.999033,-0.005602
0.998791,-0.006900
0.998517,-0.008333
0.998210,-0.009888
0.997869,-0.011553
0.997497,-0.013313
0.997094,-0.015152
0.996660,-0.017056
0.996199,-0.019010
0.995711,-0.021002
0.995199,-0.023020
0.994663,-0.025053
0.994106,-0.027094
0.993528,-0.029135
0.992932,-0.031171
0.992318,-0.033197
0.991688,-0.035211
0.991042,-0.037209
0.990381,-0.039191
0.989706,-0.041155
0.989017,-0.043100
0.988314,-0.045027
0.987598,-0.046935
0.986868,-0.048825
0.986126,-0.050697
0.985370,-0.052551
0.984601,-0.054389
0.983818,-0.056212
0.983022,-0.058019
0.982213,-0.059811
0.981390,-0.061589
0.980552,-0.063354
0.979701,-0.065107
0.978835,-0.066847
0.977955,-0.068576
0.977060,-0.070293
0.976149,-0.071999
0.975224,-0.073696
0.974283,-0.075382
0.973326,-0.077058
0.972353,-0.078725
0.971364,-0.080383
0.970359,-0.082031
0.969337,-0.083671
0.968298,-0.085302
0.967242,-0.086924
0.966168,-0.088538
0.965077,-0.090143
0.963968,-0.091740
0.962841,-0.093329
0.961695,-0.094909
0.960531,-0.096481
0.959349,-0.098045
0.958147,-0.099600
0.956925,-0.101147
0.955684,-0.102685
0.954424,-0.104214
0.953143,-0.105735
0.951842,-0.107248
0.950520,-0.108751
0.949177,-0.110246
0.947812,-0.111732
0.946426,-0.113208
0.945019,-0.114675
0.943589,-0.116133
0.942136,-0.117581
0.940660,-0.119020
0.939162,-0.120448
0.937639,-0.121866
0.936093,-0.123275
0.934522,-0.124672
0.932926,-0.126059
0.931305,-0.127435
0.929659,-0.128800
0.927986,-0.130154
0.926287,-0.131496
0.924561,-0.132826
0.922807,-0.134144
0.921025,-0.135450
0.919215,-0.136743
0.917376,-0.138023
0.915507,-0.139290
0.913608,-0.140543
0.911677,-0.141782
0.909716,-0.143007
0.907722,-0.144217
0.905695,-0.145412
0.903635,-0.146591
0.901540,-0.147755
0.899410,-0.148902
0.897245,-0.150032
0.895042,-0.151146
0.892802,-0.152241
0.890523,-0.153318
0.888205,-0.154377
0.885846,-0.155416
0.883446,-0.156434
0.881003,-0.157433
0.878516,-0.158410
0.875984,-0.159365
0.873405,-0.160298
0.870779,-0.161207
0.868104,-0.162092
0.865379,-0.162952
0.862601,-0.163786
0.859770,-0.164593
0.856884,-0.165373
0.853941,-0.166125
0.850939,-0.166846
0.847877,-0.167537
0.844752,-0.168196
0.841563,-0.168823
0.838306,-0.169415
0.834981,-0.169971
0.831584,-0.170491
0.828112,-0.170973
0.824565,-0.171415
0.820938,-0.171816
0.817228,-0.172174
0.813434,-0.172489
0.809551,-0.172757
0.805577,-0.172977
0.801508,-0.173149
0.797341,-0.173269
0.793072,-0.173336
0.788697,-0.173348
0.784212,-0.173303
0.779615,-0.173199
0.774899,-0.173034
0.770062,-0.172807
0.765099,-0.172514
0.760006,-0.172156
0.754779,-0.171728
0.749412,-0.171231
0.743903,-0.170661
0.738246,-0.170018
0.732437,-0.169301
0.726472,-0.168506
0.720348,-0.167635
0.714060,-0.166685
0.707605,-0.165657
0.700980,-0.164550
0.694182,-0.163364
0.687208,-0.162098
0.680057,-0.160755
0.672728,-0.159334
0.665219,-0.157836
0.657531,-0.156264
0.649663,-0.154619
0.641617,-0.152903
0.633395,-0.151119
0.624999,-0.149268
0.616433,-0.147355
0.607700,-0.145381
0.598806,-0.143351
0.589756,-0.141267
0.580556,-0.139132
0.571213,-0.136951
0.561734,-0.134726
0.552128,-0.132461
0.542402,-0.130159
0.532566,-0.127825
0.522629,-0.125460
0.512601,-0.123069
0.502491,-0.120654
0.492310,-0.118219
0.482068,-0.115768
0.471776,-0.113302
0.461444,-0.110824
0.451082,-0.108339
0.440701,-0.105848
0.430312,-0.103355
0.419925,-0.100861
0.409551,-0.098370
0.399199,-0.095885
0.388880,-0.093407
0.378604,-0.090939
0.368379,-0.088483
0.358216,-0.086042
0.348124,-0.083618
0.338111,-0.081213
0.328185,-0.078829
0.318356,-0.076468
0.308631,-0.074132
0.299018,-0.071823
0.289524,-0.069543
0.280155,-0.067292
0.270919,-0.065074
0.261822,-0.062889
0.252869,-0.060738
0.244065,-0.058624
0.235417,-0.056546
0.226928,-0.054507
0.218603,-0.052508
0.210445,-0.050548
0.202459,-0.048630
0.194647,-0.046754
0.187012,-0.044920
0.179557,-0.043129
0.172283,-0.041382
0.165192,-0.039679
0.158285,-0.038020
0.151564,-0.036405
0.145029,-0.034835
0.138680,-0.033310
0.132517,-0.031830
0.126540,-0.030394
0.120747,-0.029003
0.115139,-0.027656
0.109714,-0.026353
0.104470,-0.025093
0.099406,-0.023877
0.094520,-0.022703
0.089809,-0.021572
0.085270,-0.020482
0.080903,-0.019433
0.076702,-0.018424
0.072667,-0.017454
0.068793,-0.016524
0.065077,-0.015631
0.061516,-0.014776
0.058106,-0.013957
0.054844,-0.013173
0.051725,-0.012424
0.048747,-0.011709
0.045906,-0.011026
0.043197,-0.010376
0.040616,-0.009756
0.038160,-0.009166
0.035824,-0.008605
0.033606,-0.008072
0.031499,-0.007566
0.029502,-0.007086
0.027609,-0.006632
0.025817,-0.006201
0.024122,-0.005794
0.022520,-0.005409
0.021008,-0.005046
0.019581,-0.004703
0.018237,-0.004380
0.016970,-0.004076
0.015779,-0.003790
0.014659,-0.003521
0.013607,-0.003268
0.012621,-0.003031
0.011696,-0.002809
0.010829,-0.002601
0.010019,-0.002406
0.009261,-0.002224
0.008553,-0.002054
0.007893,-0.001896
0.007277,-0.001748
0.006703,-0.001610
0.006170,-0.001482
0.005674,-0.001363
0.005213,-0.001252
0.004785,-0.001149
0.004389,-0.001054
0.004022,-0.000966
0.003682,-0.000884
0.003368,-0.000809
0.003078,-0.000739
0.002810,-0.000675
0.002564,-0.000616
0.002337,-0.000561
0.002128,-0.000511
0.001936,-0.000465
0.001759,-0.000423
0.001598,-0.000384
0.001449,-0.000348
0.001314,-0.000316
0.001189,-0.000286
0.001076,-0.000258
0.000973,-0.000234
0.000878,-0.000211
0.000792,-0.000190
0.000714,-0.000171
0.000643,-0.000154
0.000578,-0.000139
0.000520,-0.000125
0.000466,-0.000112
0.000418,-0.000100
0.000375,-0.000090
0.000336,-0.000081
0.000300,-0.000072
0.000268,-0.000064
0.000239,-0.000057
0.000213,-0.000051
0.000190,-0.000046
0.000169,-0.000041
0.000150,-0.000036
0.000133,-0.000032
0.000118,-0.000028
0.000105,-0.000025
0.000093,-0.000022
0.000082,-0.000020
0.000073,-0.000017
0.000064,-0.000015
0.000056,-0.000014
0.000050,-0.000012
0.000044,-0.000010
0.000038,-0.000009
0.000034,-0.000008
0.000030,-0.000007
0.000026,-0.000006
0.000023,-0.000005
0.000020,-0.000005
0.000017,-0.000004
0.000015,-0.000004
0.000013,-0.000003
0.000011,-0.000003
0.000010,-0.000002
0.000009,-0.000002
0.000007,-0.000002
0.000006,-0.000002
0.000006,-0.000001
0.000005,-0.000001
0.000004,-0.000001
0.000004,-0.000001
0.000003,-0.000001
0.000003,-0.000001
0.000002,-0.000001
0.000002,-0.000000
0.000002,-0.000000
0.000001,-0.000000
0.000001,-0.000000
0.000001,-0.000000
0.000001,-0.000000
0.000001,-0.000000
0.000001,-0.000000
0.000001,-0.000000
0.000000,-0.000000
0.000000,-0.000000
0.000000,-0.000000
0.000000,-0.000000
0.000000,-0.000000
0.000000,-0.000000
0.000000,-0.000000
0.000000,-0.000000
0.000000,-0.000000
0.000000,-0.000000
0.000000,-0.000000
0.000000,-0.000000
0.000000,-0.000000
0.000000,-0.000000
0.000000,-0.000000
0.000000,-0.000000
0.000000,-0.000000
0.000000,-0.000000
0.000000,-0.000000
0.000000,-0.000000
0.000000,-0.000000
0.000000,-0.000000
0.000000,-0.000000
0.000000,-0.000000
0.000000,-0.000000
0.000000,-0.000000
0.000000,-0.000000
0.000000,-0.000000
0.000000,-0.000000
0.000000,-0.000000
0.000000,-0.000000
0.000000,-0.000000
0.000000,-0.000000
0.000000,-0.000000
0.000000,-0.000000
0.000000,-0.000000
0.000000,-0.000000
0.000000,-0.000000
0.000000,-0.000000
0.000000,-0.000000
0.000000,-0.000000
0.000000,-0.000000
0.000000,-0.000000
0.000000,-0.000000
0.000000,-0.000000
0.000000,-0.000000
0.000000,-0.000000
0.000000,-0.000000
0.000000,-0.000000
0.000000,-0.000000
0.000000,-0.000000
0.000000,-0.000000
0.000000,-0.000000
0.000000,-0.000000
0.000000,-0.000000
0.000000,-0.000000
0.000000,-0.000000
0.000000,-0.000000
0.000000,-0.000000
0.000000,-0.000000
0.000000,-0.000000
0.000000,-0.000000
0.000000,-0.000000
0.000000,-0.000000
0.000000,-0.000000
0.000000,-0.000000
0.000000,-0.000000
0.000000,-0.000000
0.000000,-0.000000
0.000000,-0.000000
0.000000,-0.000000
0.000000,-0.000000
0.000000,-0.000000
0.000000,-0.000000
0.000000,-0.000000
0.000000,-0.000000
0.000000,-0.000000
0.000000,-0.000000
0.000000,-0.000000
0.000000,-0.000000
0.000000,-0.000000
0.000000,-0.000000
0.000000,-0.000000
0.000000,-0.000000
0.000000,-0.000000
0.000000,-0.000000
0.000000,-0.000000
0.000000,-0.000000
0.000000,-0.000000
0.000000,-0.000000
0.000000,-0.000000
0.000000,-0.000000
0.000000,-0.000000
0.000000,-0.000000
0.000000,-0.000000
0.000000,-0.000000
0.000000,-0.000000
0.000000,-0.000000
0.000000,-0.000000
0.000000,-0.000000
0.000000,-0.000000
0.000000,-0.000000
0.000000,-0.000000
0.000000,-0.000000
0.000000,-0.000000
0.000000,-0.000000
0.000000,-0.000000
0.000000,-0.000000
0.000000,-0.000000
0.000000,-0.000000
0.000000,-0.000000
0.000000,-0.000000
0.000000,-0.000000
0.000000,-0.000000
0.000000,-0.000000
0.000000,-0.000000
0.000000,-0.000000
0.000000,-0.000000
0.000000,-0.000000
0.000000,-0.000000
0.000000,-0.000000
0.000000,-0.000000
0.000000,-0.000000
0.000000,-0.000000
0.000000,-0.000000
0.000000,-0.000000
0.000000,-0.000000
0.000000,-0.000000
0.000000,-0.000000
0.000000,-0.000000
0.000000,-0.000000
0.000000,-0.000000
0.000000,-0.000000
0.000000,-0.000000
0.000000,-0.000000
0.000000,-0.000000
0.000000,-0.000000
0.000000,-0.000000
0.000000,-0.000000
0.000000,-0.000000
0.000000,-0.000000
0.000000,-0.000000
0.000000,-0.000000
0.000000,-0.000000
0.000000,-0.000000
0.000000,-0.000000
0.000000,0.000000
0.000000,0.000000
0.000000,0.000000
0.000000,0.000000
0.000000,0.000000
0.000000,0.000000
0.000000,0.000000
0.000000,0.000000
0.000000,0.000000
0.000000,0.000000
0.000000,0.000000
0.000000,0.000000
0.000000,0.000000
0.000000,0.000000
0.000000,0.000000
0.000000,0.000000
0.000000,0.000000
0.000000,0.000000
0.000000,0.000000
0.000000,0.000000
0.000000,0.000000
0.000000,0.000000
0.000000,0.000000
0.000000,0.000000
0.000000,0.000000
0.000000,0.000000
0.000000,0.000000
0.000000,0.000000
0.000000,0.000000
0.000000,0.000000
0.000000,0.000000
0.000000,0.000000
0.000000,0.000000
0.000000,0.000000
0.000000,0.000000
0.000000,0.000000
0.000000,0.000000
0.000000,0.000000
0.000000,0.000000
0.000000,0.000000
0.000000,0.000000
0.000000,0.000000
0.000000,0.000000
0.000000,0.000000
0.000000,0.000000
0.000000,0.000000
0.000000,0.000000
0.000000,0.000000
0.000000,0.000000
0.000000,0.000000
0.000000,0.000000
0.000000,0.000000
0.000000,0.000000
0.000000,0.000000
0.000000,0.000000
0.000000,0.000000
0.000000,0.000000
0.000000,0.000000
0.000000,0.000000
0.000000,0.000000
0.000000,0.000000
0.000000,0.000000
0.000000,0.000000
0.000000,0.000000
0.000000,0.000000
0.000000,0.000000
0.000000,0.000000
0.000000,0.000000
0.000000,0.000000
0.000000,0.000000
0.000000,0.000000
0.000000,0.000000
0.000000,0.000000
0.000000,0.000000
0.000000,0.000000
0.000000,0.000000
0.000000,0.000000
0.000000,0.000000
0.000000,0.000000
0.000000,0.000000
0.000000,0.000000
0.000000,0.000000
0.000000,0.000000
0.000000,0.000000
0.000000,0.000000
0.000000,0.000000
0.000000,0.000000
0.000000,0.000000
0.000000,0.000000
0.000000,0.000000
0.000000,0.000000
0.000000,0.000000
0.000000,0.000000
0.000000,0.000000
0.000000,0.000000
0.000000,0.000000
0.000000,0.000000
0.000000,0.000000
0.000000,0.000000
0.000000,0.000000
0.000000,0.000000
0.000000,0.000000
0.000000,0.000000
0.000000,0.000000
0.000000,0.000000
0.000000,0.000000
0.000000,0.000000
0.000000,0.000000
0.000000,0.000000
0.000000,0.000000
0.000000,0.000000
0.000000,0.000000
0.000000,0.000000
0.000000,0.000000
0.000000,0.000000
0.000000,0.000000
0.000000,0.000000
0.000000,0.000000
0.000000,0.000000
0.000000,0.000000
0.000000,0.000000
0.000000,0.000000
0.000000,0.000000
0.000000,0.000000
0.000000,0.000000
0.000000,0.000000
0.000000,0.000000
0.000000,0.000000
0.000000,0.000000
0.000000,0.000000
0.000000,0.000000
0.000000,0.000000
0.000000,0.000000
0.000000,0.000000
0.000000,0.000000
0.000000,0.000000
0.000000,0.000000
0.000000,0.000000
0.000000,0.000000
0.000000,0.000000
0.000000,0.000000
0.000000,0.000000
0.000000,0.000000
0.000000,0.000000
0.000000,0.000000
0.000000,0.000000
0.000000,0.000000
0.000000,0.000000
0.000000,0.000000
0.000000,0.000000
0.000000,0.000000
0.000000,0.000000
0.000000,0.000000
0.000000,0.000000
0.000000,0.000000
0.000000,0.000000
0.000000,0.000000
0.000000,0.000000
0.000000,0.000000
0.000000,0.000000
0.000000,0.000000
0.000000,0.000000
0.000000,0.000000
0.000000,0.000000
0.000000,0.000000
0.000000,0.000000
0.000000,0.000000
0.000000,0.000000
0.000000,0.000000
0.000000,0.000000
0.000000,0.000000
0.000000,0.000000
0.000000,0.000000
0.000000,0.000000
0.000000,0.000000
0.000000,0.000000
0.000000,0.000000
0.000000,0.000000
0.000000,0.000000
0.000000,0.000000
0.000000,0.000000
0.000000,0.000000
0.000000,0.000000
0.000000,0.000000
0.000000,0.000000
0.000000,0.000000
0.000000,0.000000
0.000000,0.000000
0.000000,0.000000
0.000000,0.000000
0.000000,0.000000
0.000000,0.000000
0.000000,0.000000
0.000000,0.000000
0.000000,0.000000
0.000000,0.000000
0.000000,0.000000
0.000000,0.000000
0.000000,0.000000
0.000000,0.000000
0.000000,0.000000
0.000000,0.000000
0.000000,0.000000
0.000000,0.000000
0.000000,0.000000
0.000000,0.000000
0.000000,0.000000
0.000000,0.000000
0.000000,0.000000
0.000000,0.000000
0.000000,0.000000
0.000000,0.000000
0.000000,0.000000
0.000000,0.000000
0.000000,0.000000
0.000000,0.000000
0.000000,0.000000
0.000000,0.000000
0.000000,0.000000
0.000000,0.000000
0.000000,0.000000
0.000000,0.000000
0.000000,0.000000
0.000000,0.000000
0.000000,0.000000
0.000000,0.000000
0.000000,0.000000
0.000000,0.000000
0.000000,0.000000
0.000000,0.000000
0.000000,0.000000
0.000000,0.000000
0.000000,0.000000
0.000000,0.000000
0.000000,0.000000
0.000000,0.000000
0.000000,0.000000
0.000000,0.000000
0.000000,0.000000
0.000000,0.000000
0.000000,0.000000
0.000000,0.000000
0.000000,0.000000
0.000000,0.000000
0.000000,0.000000
0.000000,0.000000
0.000000,0.000000
0.000000,0.000000
0.000000,0.000000
0.000000,0.000000
0.000000,0.000000
0.000000,0.000000
0.000000,0.000000
0.000000,0.000000
0.000000,0.000000
0.000000,0.000000
0.000000,0.000000
0.000000,0.000000
0.000000,0.000000
0.000000,0.000000
0.000000,0.000000
0.000000,0.000000
0.000000,0.000000
0.000000,0.000000
0.000000,0.000000
0.000000,0.000000
0.000000,0.000000
0.000000,0.000000
0.000000,0.000000
0.000000,0.000000
0.000000,0.000000
0.000000,0.000000
0.000000,0.000000
0.000000,0.000000
0.000000,0.000000
0.000000,0.000000
0.000000,0.000000
0.000000,0.000000
0.000000,0.000000
0.000000,0.000000
0.000000,0.000000
0.000000,0.000000
0.000000,0.000000
0.000000,0.000000
0.000000,0.000000
0.000000,0.000000
0.000000,0.000000
0.000000,0.000000
0.000000,0.000000
0.000000,0.000000
0.000000,0.000000
0.000000,0.000000
0.000000,0.000000
0.000000,0.000000
0.000000,0.000000
0.000000,0.000000
0.000000,0.000000
0.000000,0.000000
0.000000,0.000000
0.000000,0.000000
0.000000,0.000000
0.000000,0.000000
0.000000,0.000000
0.000000,0.000000
0.000000,0.000000
0.000000,0.000000
0.000000,0.000000
0.000000,0.000000
0.000000,0.000000
0.000000,0.000000
0.000000,0.000000
0.000000,0.000000
0.000000,0.000000
0.000000,0.000000
0.000000,0.000000
0.000000,0.000000
0.000000,0.000000
0.000000,0.000000
0.000000,0.000000
0.000000,0.000000
0.000000,0.000000
0.000000,0.000000
0.000000,0.000000
0.000000,0.000000
0.000000,0.000000
0.000000,0.000000
0.000000,0.000000
0.000000,0.000000
0.000000,0.000000
0.000000,0.000000
0.000000,0.000000
0.000000,0.000000
0.000000,0.000000
0.000000,0.000000
0.000000,0.000000
0.000000,0.000000
0.000000,0.000000
0.000000,0.000000
0.000000,0.000000
0.000000,0.000000
0.000000,0.000000
0.000000,0.000000
0.000000,0.000000
0.000000,0.000000
0.000000,0.000000
0.000000,0.000000
0.000000,0.000000
0.000000,0.000000
0.000000,0.000000
0.000000,0.000000
0.000000,0.000000
0.000000,0.000000
0.000000,0.000000
0.000000,0.000000
0.000000,0.000000
0.000000,0.000000
0.000000,0.000000
0.000000,0.000000
0.000000,0.000000
0.000000,0.000000
0.000000,0.000000
0.000000,0.000000
0.000000,0.000000
0.000000,0.000000
0.000000,0.000000
0.000000,0.000000
0.000000,0.000000
0.000000,0.000000
0.000000,0.000000
0.000000,0.000000
0.000000,0.000000
0.000000,0.000000
0.000000,0.000000
0.000000,0.000000
0.000000,0.000000
0.000000,0.000000
0.000000,0.000000
0.000000,0.000000
0.000000,0.000000
0.000000,0.000000
0.000000,0.000000
0.000000,0.000000
0.000000,0.000000
0.000000,0.000000
0.000000,0.000000
0.000000,0.000000
0.000000,0.000000
0.000000,0.000000
0.000000,0.000000
0.000000,0.000000
0.000000,0.000000
0.000000,0.000000
0.000000,0.000000
0.000000,0.000000
0.000000,0.000000
0.000000,0.000000
0.000000,0.000000
0.000000,0.000000
0.000000,0.000000
0.000000,0.000000
0.000000,0.000000
0.000000,0.000000
0.000000,0.000000
0.000000,0.000000
0.000000,0.000000
0.000000,0.000000
0.000000,0.000000
0.000000,0.000000
0.000000,0.000000
0.000000,0.000000
0.000000,0.000000
0.000000,0.000000
